200
    1   717   617
    2   717   617
    3   438   338
    4   438   338
    5   632   532
    6  1264  1064
    7  1896  1596
    8   749   649
    9  1498  1298
   10  2996  2596
   11   749   649
   12   826   726
   13  1652  1452
   14  3304  2904
   15  1652  1452
   16   739   639
   17   523   423
   18  1046   846
   19   477   377
   20  1027   927
   21  2054  1854
   22  1027   927
   23  1092   992
   24  2184  1984
   25  4368  3968
   26  1092   992
   27   385   285
   28   770   570
   29   677   577
   30  1354  1154
   31   546   446
   32   406   306
   33   812   612
   34   406   306
   35   346   246
   36   692   492
   37  1384   984
   38   726   626
   39  1452  1252
   40  2904  2504
   41  2178  1878
   42   699   599
   43  1398  1198
   44  2097  1797
   45   682   582
   46  1364  1164
   47   682   582
   48   335   235
   49   670   470
   50  1340   940
   51   335   235
   52   840   740
   53  1680  1480
   54   891   791
   55   241   141
   56   482   282
   57   482   282
   58  1002   902
   59  2004  1804
   60  4008  3608
   61  3006  2706
   62   592   492
   63   592   492
   64   538   438
   65  1076   876
   66   314   214
   67   628   428
   68  1256   856
   69   314   214
   70   440   340
   71   880   680
   72  1760  1360
   73  1320  1020
   74   913   813
   75  1826  1626
   76  3652  3252
   77   163    63
   78   326   126
   79   652   252
   80   163    63
   81   745   645
   82  1490  1290
   83   745   645
   84   447   347
   85   894   694
   86   541   441
   87  1082   882
   88  1623  1323
   89   209   109
   90   418   218
   91   836   436
   92   627   327
   93  1079   979
   94  2158  1958
   95   290   190
   96   627   527
   97  1254  1054
   98   314   214
   99   628   428
  100   628   428
  101   854   754
  102  1708  1508
  103  3416  3016
  104  1708  1508
  105   570   470
  106  1140   940
  107  1710  1410
  108   416   316
  109   832   632
  110   661   561
  111  1322  1122
  112  2644  2244
  113   661   561
  114   603   503
  115  1206  1006
  116  2412  2012
  117   460   360
  118   920   720
  119  1840  1440
  120   479   379
  121   958   758
  122   958   758
  123   789   689
  124  1578  1378
  125  2367  2067
  126   356   256
  127   712   512
  128  1424  1024
  129   559   459
  130  1118   918
  131  1677  1377
  132   955   855
  133  1910  1710
  134  3820  3420
  135   955   855
  136   237   137
  137   474   274
  138   948   548
  139   711   411
  140   906   806
  141  1812  1612
  142  1812  1612
  143   324   224
  144   648   448
  145   648   448
  146   730   630
  147  1460  1260
  148  2920  2520
  149  2190  1890
  150   115    15
  151   230    30
  152   230    30
  153   590   490
  154  1180   980
  155  1180   980
  156   574   474
  157  1148   948
  158  2296  1896
  159   574   474
  160   697   597
  161  1394  1194
  162  2091  1791
  163   751   651
  164   751   651
  165   612   512
  166   612   512
  167  1034   934
  168  2068  1868
  169  1034   934
  170   140    40
  171   280    80
  172   866   766
  173  1732  1532
  174  3464  3064
  175   866   766
  176   708   608
  177  1416  1216
  178   708   608
  179   685   585
  180   652   552
  181   521   421
  182  1042   842
  183   521   421
  184   582   482
  185   626   526
  186  1252  1052
  187  1252  1052
  188  1072   972
  189  2144  1944
  190   154    54
  191   154    54
  192   347   247
  193   694   494
  194  1388   988
  195   694   494
  196   555   455
  197  1110   910
  198  2220  1820
  199  1087   987
  200  2174  1974
90870