200
    1    49    40
    2     3    23
    3    35    33
    4     3    24
    5    30    37
    6    22    46
    7    44     6
    8    22    24
    9    47    46
   10    27     1
   11    38    42
   12    38    26
   13    32    13
   14     3     9
   15    32    19
   16    35    29
   17    23     8
   18    25    33
   19    39    38
   20    24    31
   21    36    32
   22     4    36
   23     7    41
   24    17     9
   25    36    39
   26    45    25
   27    23    17
   28    32    40
   29    21    38
   30     9    48
   31    12     6
   32    41    30
   33    41    40
   34    38     4
   35    22    23
   36    30    12
   37    22     7
   38    26    35
   39    19    45
   40     8    15
   41    37    48
   42     8    50
   43    48    15
   44    12    48
   45    47    50
   46    14    41
   47    37    44
   48    21    20
   49    13    50
   50    38    17
   51    38    17
   52    31    17
   53    38    36
   54    40    43
   55    13     5
   56    25    34
   57     9    28
   58    33    13
   59    35    13
   60    28    15
   61    49    29
   62    29    15
   63    30    10
   64    44    43
   65    23    18
   66    36    15
   67    10     7
   68    12     1
   69    21    37
   70    32    30
   71     8    32
   72    10    12
   73     2     5
   74    22    42
   75    25    28
   76    25    25
   77    37    13
   78    50     2
   79     5    33
   80    36    29
   81    26    50
   82    21    32
   83    48    43
   84     3    10
   85    14    48
   86    39    40
   87     1     6
   88     6    15
   89    13    49
   90     1    30
   91    45     7
   92    16    45
   93    30    13
   94    15    34
   95    13     3
   96    11    22
   97    12    44
   98    15    17
   99     7     5
  100    49    35
  101     7    30
  102    32    11
  103    11    49
  104    12    17
  105    44    36
  106    28    15
  107    23    38
  108    27    33
  109    19    45
  110    17    46
  111    18     1
  112    29    18
  113    34    16
  114    10    50
  115    35    40
  116    32    17
  117    18    44
  118    48     4
  119     9    40
  120    16     7
  121    30    26
  122    35    41
  123    11    38
  124    24    41
  125    46    16
  126    49    25
  127     3     2
  128    35    12
  129    12    27
  130    31    34
  131    15    16
  132    48    12
  133    29    13
  134    37    39
  135    36     5
  136    32    29
  137    49    30
  138    34     1
  139    10    18
  140    14    11
  141    15    44
  142    23    17
  143     2    46
  144    48    38
  145    19    28
  146    41     5
  147    10    21
  148    18    42
  149    47    43
  150    13    13
  151    21    44
  152    31    21
  153    48    30
  154    30    47
  155    29    48
  156    39    13
  157    16     5
  158     2    48
  159     2    18
  160    28    32
  161     7    48
  162    36     5
  163    49    15
  164    50    40
  165    15    10
  166    32     5
  167    22    35
  168    17    34
  169     7    20
  170    48    50
  171     5    25
  172    11    18
  173    47    19
  174    25    28
  175    26    11
  176    17    45
  177    26    23
  178    47    18
  179    23    43
  180    41     8
  181    14    42
  182    16    31
  183    12    37
  184    24    31
  185     8    39
  186    14    36
  187    50    41
  188    29    30
  189    20    40
  190    50    12
  191    11     5
  192    24    45
  193    40    11
  194    29    25
  195    35    50
  196    18    24
  197    13    42
  198    41     4
  199    17    11
  200     3     2
2624