10000 1
10002 1
10010 1
10012 1
10013 1
10017 1
10022 2
10025 1
10030 2
10039 2
10044 1
10046 4
10052 2
10062 1
10064 2
10088 4
10107 4
10127 4
10147 2
10170 1
10187 1
10247 1
10248 1
10249 1
10271 4
10347 7
10367 1
10467 1
10471 1
10472 4
10508 2
10527 1
10547 1
10567 1
10667 1
10687 2
10729 1
10767 1
10787 1
10807 1
8825 1
8885 1
8985 1
9007 3
9105 1
9168 1
9205 1
9206 1
9245 2
9246 2
9248 1
9265 4
9306 1
9405 1
9406 1
9407 1
9426 5
9446 1
9485 2
9545 1
9565 1
9608 1
9613 1
9616 1
9624 2
9627 1
9647 1
9667 2
9689 1
9787 2
9827 1
9887 3
9911 1
9927 1
9967 1
9968 1
9976 1
9984 1
9992 1
9993 1
9999 4
