586 111
594 162
591 159
585 141
591 156
589 160
586 157
591 149
588 154
585 157
584 157
585 156
584 158
584 156
582 153
583 143
582 142
582 142
580 148
575 98
584 124
583 146
582 148
582 116
583 129
582 131
582 131
581 148
584 142
585 131
583 133
581 148
584 144
585 124
579 151
585 139
583 144
586 104
580 153
585 139
585 143
584 145
582 153
585 144
585 149
586 135
583 150
584 145
583 118
584 150
584 144
585 139
586 134
583 153
585 135
585 144
586 141
585 147
585 149
585 142
583 145
584 152
582 128
581 129
585 149
584 147
584 139
585 127
584 152
585 139
584 148
586 142
589 143
586 111
585 149
583 109
587 126
585 148
591 155
591 158
584 157
584 145
593 155
585 142
591 160
587 130
600 155
586 143
595 158
596 161
599 158
601 156
603 151
582 116
602 156
590 135
584 156
603 154
607 149
612 145
