10001 7400
20001 5450
30001 4390
40001 4370
50001 4370
60001 4370
70001 3370
80001 3370
90001 3370
100001 3350
110001 3350
120001 3280
130001 3280
140001 2270
150001 2270
160001 2270
170001 2270
180001 2200
190001 2170
200001 2170
210001 2170
220001 2170
230001 2170
240001 2170
250001 2160
260001 2160
270001 2160
280001 2150
290001 2130
300001 2130
310001 2130
320001 2130
330001 2130
340001 2130
350001 2130
360001 2130
370001 2040
380001 2030
390001 2020
400001 2020
410001 2020
420001 2020
430001 2020
440001 2020
450001 2020
460001 2020
470001 2020
480001 2020
490001 2020
500000 2020
10001 7340
20001 7280
30001 7260
40001 7160
50001 7160
60001 6980
70001 6910
80001 6910
90001 5910
100001 5910
110001 5910
120001 5910
130001 5010
140001 4950
150001 4890
160001 4880
170001 4880
180001 4880
190001 4880
200001 4880
210001 4850
220001 4840
230001 4840
240001 4840
250001 4840
260001 4830
270001 4830
280001 4830
290001 4820
300001 4760
310001 4760
320001 3760
330001 3760
340001 3740
350001 3740
360001 3740
370001 3740
380001 3740
390001 3740
400001 3740
410001 3740
420001 3700
430001 3680
440001 3670
450001 3650
460001 3650
470001 3650
480001 3650
490001 3650
500000 3650
10001 6670
20001 5560
30001 5500
40001 5500
50001 5500
60001 5500
70001 5420
80001 5320
90001 4290
100001 4290
110001 4290
120001 4290
130001 4290
140001 4280
150001 4280
160001 4280
170001 4250
180001 4250
190001 4250
200001 4250
210001 4250
220001 3250
230001 3230
240001 3230
250001 3230
260001 3230
270001 3230
280001 3230
290001 3230
300001 3230
310001 3230
320001 3220
330001 3220
340001 3200
350001 3130
360001 3130
370001 3130
380001 3110
390001 3100
400001 3090
410001 3090
420001 3030
430001 2050
440001 2050
450001 2050
460001 2050
470001 2020
480001 2020
490001 2020
500000 2020
10001 12550
20001 10550
30001 9540
40001 9490
50001 8410
60001 8370
70001 8320
80001 8320
90001 8220
100001 8220
110001 7230
120001 6220
130001 6220
140001 6220
150001 5160
160001 5100
170001 5070
180001 5060
190001 5060
200001 5060
210001 5060
220001 5060
230001 5060
240001 5060
250001 5010
260001 5010
270001 5010
280001 5010
290001 5010
300001 5010
310001 5010
320001 5010
330001 5010
340001 5010
350001 5010
360001 5010
370001 5010
380001 5010
390001 5010
400001 5010
410001 5010
420001 5010
430001 5010
440001 4020
450001 4020
460001 4020
470001 4020
480001 4020
490001 4010
500000 4010
10001 10430
20001 8340
30001 7300
40001 6320
50001 5310
60001 5310
70001 5310
80001 5310
90001 5310
100001 5310
110001 5310
120001 5310
130001 5310
140001 5310
150001 5310
160001 4380
170001 4380
180001 4380
190001 4380
200001 4290
210001 4290
220001 4290
230001 4290
240001 4280
250001 4280
260001 4280
270001 4090
280001 4040
290001 4040
300001 4040
310001 4040
320001 4040
330001 3150
340001 3130
350001 3130
360001 3130
370001 3130
380001 3130
390001 3130
400001 3130
410001 3130
420001 3130
430001 3130
440001 3130
450001 3130
460001 3130
470001 3130
480001 3130
490001 3130
500000 3130
