10001 8878 5.0635e+06 1006.33
20001 7436 3.60042e+06 848.578
30001 6798 3.09346e+06 786.569
40001 6568 2.98438e+06 772.577
50001 6150 2.08484e+06 645.731
60001 6106 1.98082e+06 629.416
70001 5866 2.77002e+06 744.315
80001 5846 2.78946e+06 746.922
90001 5420 2.71432e+06 736.793
100001 5416 2.73078e+06 739.024
110001 5218 1.77722e+06 596.191
120001 5002 1.17502e+06 484.771
130001 4822 977736 442.207
140001 4606 1.75642e+06 592.693
150001 4382 1.2391e+06 497.814
160001 4182 1.0069e+06 448.753
170001 4170 994920 446.076
180001 4154 1.04526e+06 457.223
190001 4148 1.06886e+06 462.354
200001 4130 1.0618e+06 460.825
210001 4124 1.05294e+06 458.9
220001 3922 1.15886e+06 481.426
230001 3918 1.1643e+06 482.555
240001 3916 1.16282e+06 482.25
250001 3904 1.1473e+06 479.021
260001 3902 1.14358e+06 478.242
270001 3864 1.12062e+06 473.418
280001 3852 1.1233e+06 473.982
290001 3846 1.13306e+06 476.039
300001 3834 1.11026e+06 471.225
310001 3834 1.11026e+06 471.225
320001 3632 901496 424.617
330001 3454 882984 420.234
340001 3442 884936 420.698
350001 3428 892496 422.492
360001 3428 892496 422.492
370001 3410 940520 433.71
380001 3404 948304 435.501
390001 3400 955000 437.035
400001 3398 956216 437.314
410001 3398 956216 437.314
420001 3378 958776 437.899
430001 3178 1.24478e+06 498.954
440001 2978 673336 366.97
450001 2974 667864 365.476
460001 2974 667864 365.476
470001 2968 679096 368.537
480001 2968 679096 368.537
490001 2966 674904 367.397
500000 2966 674904 367.397
