10001 16686 4.32774e+06 930.349
20001 12654 2.72122e+06 737.729
30001 15242 1.13598e+07 1507.3
40001 14222 9.70582e+06 1393.26
50001 13134 4.73506e+06 973.146
60001 12140 8.62528e+06 1313.41
70001 11090 6.70896e+06 1158.36
80001 12282 5.37558e+06 1036.88
90001 12438 7.95914e+06 1261.68
100001 13074 953264 436.638
110001 12274 2.86434e+06 756.881
120001 12284 6.6425e+06 1152.61
130001 11490 5.4382e+06 1042.9
140001 11846 1.56642e+07 1769.98
150001 12266 8.91862e+06 1335.56
160001 13036 1.59654e+07 1786.92
170001 11462 1.0699e+06 462.579
180001 11190 939720 433.525
190001 9556 5.0005e+06 1000.05
200001 9586 5.9695e+06 1092.66
210001 10768 4.8883e+06 988.767
220001 10350 3.76844e+06 868.152
230001 9776 4.69966e+06 969.501
240001 11174 5.78502e+06 1075.64
250001 9144 9.70854e+06 1393.45
260001 12088 1.37514e+06 524.43
270001 12670 768240 391.98
280001 11112 3.22834e+06 803.534
290001 11702 8.27054e+06 1286.12
300001 10888 3.99158e+06 893.485
310001 12464 1.78898e+06 598.161
320001 13246 3.62934e+06 851.979
330001 11492 1.70218e+06 583.468
340001 11252 9.26246e+06 1361.06
350001 12086 6.3325e+06 1125.39
360001 11326 2.34874e+06 685.382
370001 9614 4.60882e+06 960.086
380001 9858 6.10038e+06 1104.57
390001 10252 1.07768e+07 1468.11
400001 11264 4.00726e+06 895.239
410001 12468 3.96786e+06 890.826
420001 11292 5.23934e+06 1023.65
430001 9252 7.2947e+06 1207.87
440001 11822 1.3061e+06 511.096
450001 11638 231976 215.395
460001 11408 1.27761e+07 1598.5
470001 10386 9.93282e+06 1409.46
480001 10018 3.58294e+06 846.515
490001 11028 8.4277e+06 1298.28
500000 9626 8.53626e+06 1306.62
