10001 15500
20001 13430
30001 10450
40001 9380
50001 9350
60001 11430
70001 10340
80001 12340
90001 10330
100001 13400
110001 15310
120001 10330
130001 8360
140001 8150
150001 8280
160001 9270
170001 12250
180001 11190
190001 6170
200001 7250
210001 7180
220001 8190
230001 9270
240001 8160
250001 6240
260001 11130
270001 13110
280001 8210
290001 16170
300001 10200
310001 10100
320001 11160
330001 13160
340001 10040
350001 9150
360001 12160
370001 6930
380001 13060
390001 7120
400001 9110
410001 12130
420001 12150
430001 5100
440001 13030
450001 11080
460001 13070
470001 6000
480001 9010
490001 12060
500000 8110
10001 19380
20001 14350
30001 19270
40001 13190
50001 12070
60001 16080
70001 8940
80001 10930
90001 10940
100001 13080
110001 11030
120001 9980
130001 11030
140001 13030
150001 15990
160001 19010
170001 13010
180001 11920
190001 7920
200001 13930
210001 12890
220001 13900
230001 9870
240001 8960
250001 7900
260001 13850
270001 13800
280001 9870
290001 8880
300001 7820
310001 12800
320001 15760
330001 11740
340001 6770
350001 13860
360001 9890
370001 7840
380001 8890
390001 8760
400001 12810
410001 14830
420001 11840
430001 7760
440001 11780
450001 11770
460001 4680
470001 11710
480001 12730
490001 15770
500000 11760
10001 13530
20001 9560
30001 12590
40001 13550
50001 14490
60001 7510
70001 15470
80001 12350
90001 9300
100001 13340
110001 10390
120001 10400
130001 10370
140001 7290
150001 14380
160001 13360
170001 10310
180001 12270
190001 11320
200001 7310
210001 13310
220001 10310
230001 6320
240001 14330
250001 7260
260001 11270
270001 11260
280001 12270
290001 8310
300001 10250
310001 13280
320001 11200
330001 9220
340001 12220
350001 10210
360001 12150
370001 12170
380001 6110
390001 15150
400001 9090
410001 12140
420001 11130
430001 9070
440001 13040
450001 11070
460001 15020
470001 8030
480001 7120
490001 9230
500000 8090
10001 16600
20001 12540
30001 18490
40001 18530
50001 14500
60001 14370
70001 12360
80001 16380
90001 16320
100001 14260
110001 12280
120001 16270
130001 12290
140001 18340
150001 9260
160001 8120
170001 11260
180001 11110
190001 10080
200001 10110
210001 10120
220001 9100
230001 13090
240001 11020
250001 15060
260001 11050
270001 13020
280001 13040
290001 13020
300001 13010
310001 14030
320001 15050
330001 12140
340001 11100
350001 16030
360001 13250
370001 12040
380001 9180
390001 7130
400001 11170
410001 9110
420001 7180
430001 12120
440001 10020
450001 12050
460001 13070
470001 11040
480001 11080
490001 10970
500000 6020
10001 18420
20001 13390
30001 15410
40001 16460
50001 15260
60001 11310
70001 8340
80001 9410
90001 15300
100001 11290
110001 12360
120001 14440
130001 15400
140001 12420
150001 13420
160001 15420
170001 10480
180001 9460
190001 12290
200001 9330
210001 10340
220001 10250
230001 10330
240001 13400
250001 9260
260001 13140
270001 12160
280001 12170
290001 12130
300001 13160
310001 12110
320001 13060
330001 11200
340001 16130
350001 11180
360001 9180
370001 9090
380001 12050
390001 13100
400001 14140
410001 14130
420001 14160
430001 12210
440001 11240
450001 12220
460001 11200
470001 15150
480001 10150
490001 7110
500000 14150
