10001 Fitness= 15500 Best= 7400
20001 Fitness= 13430 Best= 5450
30001 Fitness= 10450 Best= 4390
40001 Fitness= 9380 Best= 4370
50001 Fitness= 9350 Best= 4370
60001 Fitness= 11430 Best= 4370
70001 Fitness= 10340 Best= 3370
80001 Fitness= 12340 Best= 3370
90001 Fitness= 10330 Best= 3370
100001 Fitness= 13400 Best= 3350
110001 Fitness= 15310 Best= 3350
120001 Fitness= 10330 Best= 3280
130001 Fitness= 8360 Best= 3280
140001 Fitness= 8150 Best= 2270
150001 Fitness= 8280 Best= 2270
160001 Fitness= 9270 Best= 2270
170001 Fitness= 12250 Best= 2270
180001 Fitness= 11190 Best= 2200
190001 Fitness= 6170 Best= 2170
200001 Fitness= 7250 Best= 2170
210001 Fitness= 7180 Best= 2170
220001 Fitness= 8190 Best= 2170
230001 Fitness= 9270 Best= 2170
240001 Fitness= 8160 Best= 2170
250001 Fitness= 6240 Best= 2160
260001 Fitness= 11130 Best= 2160
270001 Fitness= 13110 Best= 2160
280001 Fitness= 8210 Best= 2150
290001 Fitness= 16170 Best= 2130
300001 Fitness= 10200 Best= 2130
310001 Fitness= 10100 Best= 2130
320001 Fitness= 11160 Best= 2130
330001 Fitness= 13160 Best= 2130
340001 Fitness= 10040 Best= 2130
350001 Fitness= 9150 Best= 2130
360001 Fitness= 12160 Best= 2130
370001 Fitness= 6930 Best= 2040
380001 Fitness= 13060 Best= 2030
390001 Fitness= 7120 Best= 2020
400001 Fitness= 9110 Best= 2020
410001 Fitness= 12130 Best= 2020
420001 Fitness= 12150 Best= 2020
430001 Fitness= 5100 Best= 2020
440001 Fitness= 13030 Best= 2020
450001 Fitness= 11080 Best= 2020
460001 Fitness= 13070 Best= 2020
470001 Fitness= 6000 Best= 2020
480001 Fitness= 9010 Best= 2020
490001 Fitness= 12060 Best= 2020
500000 Fitness= 8110 Best= 2020


=== RESULTS (last random solution) ===

Over-allocated projects (violations) :
PRJ_ID	N_ALLOC	MAX
STUDENT	CHOICE	PRJ_ID	N_ALLOC	MAX
1	5	9306	1	1
2	1	9911	1	1
3	1	10767	1	1
4	3	9145	1	2
5	2	10327	2	4
6	1	10000	1	1
7	1	10587	1	1
8	1	9426	4	5
9	2	9205	1	1
10	2	9347	1	3
11	3	10207	1	1
12	2	10147	1	2
13	1	10607	1	1
14	4	9265	4	4
15	1	10253	1	1
16	5	9968	1	1
17	1	10022	2	2
18	5	9989	1	1
19	2	10012	1	1
20	4	9248	1	1
21	1	10667	1	1
22	1	9528	1	1
23	5	10017	1	1
24	2	9999	4	4
25	5	10088	1	4
26	4	9982	2	2
27	1	10271	2	4
28	1	10016	1	1
29	1	10347	7	7
30	3	9225	1	2
31	3	10427	1	2
32	3	9489	1	2
33	4	10271	2	4
34	2	9982	2	2
35	1	9209	1	1
36	1	9972	1	1
37	1	9912	1	1
38	4	9265	4	4
39	4	10048	1	1
40	4	9265	4	4
41	2	10030	1	2
42	2	10107	1	4
43	1	10807	1	1
44	1	9667	2	2
45	4	10470	1	2
46	5	9787	2	2
47	1	9226	2	2
48	2	10022	2	2
49	4	9728	2	2
50	2	9887	3	3
51	1	9208	1	1
52	4	10025	1	1
53	1	9006	2	3
54	2	9245	2	2
55	2	10472	4	4
56	1	10127	4	4
57	2	10055	2	2
58	1	10268	1	2
59	1	10249	1	1
60	1	9992	1	1
61	2	9249	1	1
62	1	10032	1	1
63	1	10347	7	7
64	1	10347	7	7
65	3	9728	2	2
66	1	10687	2	2
67	4	10472	4	4
68	4	10472	4	4
69	1	9827	1	1
70	1	9624	2	2
71	4	10064	2	2
72	5	10472	4	4
73	1	9999	4	4
74	1	10347	7	7
75	1	10046	3	4
76	3	10055	2	2
77	1	10046	3	4
78	3	8825	1	1
79	5	10001	3	3
80	2	10009	1	1
81	1	9999	4	4
82	3	8985	1	1
83	1	9887	3	3
84	2	10332	1	1
85	3	10127	4	4
86	5	10527	1	1
87	2	10042	1	1
88	1	10347	7	7
89	5	10039	2	2
90	1	10127	4	4
91	3	9976	1	1
92	2	9689	1	1
93	2	9627	1	1
94	1	10367	1	1
95	2	10039	2	2
96	4	10046	3	4
97	2	9245	2	2
98	2	9887	3	3
99	3	10063	1	2
100	2	10327	2	4
101	1	9984	1	1
102	1	9226	2	2
103	1	10508	2	2
104	1	9667	2	2
105	1	10347	7	7
106	3	10002	1	1
107	4	10010	1	1
108	2	10001	3	3
109	2	9007	3	3
110	1	10007	1	1
111	5	9608	1	1
112	3	10062	1	1
113	1	10707	1	1
114	2	10013	1	1
115	5	9967	1	1
116	5	9265	4	4
117	2	9007	3	3
118	1	10128	1	1
119	2	10567	1	1
120	1	9545	1	1
121	1	10001	3	3
122	3	9007	3	3
123	2	9999	4	4
124	1	9927	1	1
125	1	8885	1	1
126	3	9446	1	1
127	1	10026	1	2
128	1	9246	2	2
129	4	10547	1	1
130	4	10050	1	2
131	1	10045	1	2
132	5	10328	1	1
133	3	10647	1	1
134	2	10187	1	1
135	1	10508	2	2
136	1	9624	2	2
137	3	9789	1	1
138	2	9426	4	5
139	4	10064	2	2
140	2	9787	2	2
141	1	9426	4	5
142	1	9246	2	2
143	4	9525	1	1
144	4	9485	1	2
145	2	9975	1	1
146	4	9405	1	1
147	1	10127	4	4
148	3	8646	1	1
149	5	9647	1	1
150	1	10347	7	7
151	1	9465	1	1
152	3	9565	1	1
153	2	9006	2	3
154	1	10787	1	1
155	1	10687	2	2
156	1	9426	4	5
157	5	10034	1	1
Summary details:
#violations= 0
fitness= 2020
65 students got their choice 1 project
35 students got their choice 2 project
20 students got their choice 3 project
21 students got their choice 4 project
16 students got their choice 5 project
10001 Fitness= 19380 Best= 7340
20001 Fitness= 14350 Best= 7280
30001 Fitness= 19270 Best= 7260
40001 Fitness= 13190 Best= 7160
50001 Fitness= 12070 Best= 7160
60001 Fitness= 16080 Best= 6980
70001 Fitness= 8940 Best= 6910
80001 Fitness= 10930 Best= 6910
90001 Fitness= 10940 Best= 5910
100001 Fitness= 13080 Best= 5910
110001 Fitness= 11030 Best= 5910
120001 Fitness= 9980 Best= 5910
130001 Fitness= 11030 Best= 5010
140001 Fitness= 13030 Best= 4950
150001 Fitness= 15990 Best= 4890
160001 Fitness= 19010 Best= 4880
170001 Fitness= 13010 Best= 4880
180001 Fitness= 11920 Best= 4880
190001 Fitness= 7920 Best= 4880
200001 Fitness= 13930 Best= 4880
210001 Fitness= 12890 Best= 4850
220001 Fitness= 13900 Best= 4840
230001 Fitness= 9870 Best= 4840
240001 Fitness= 8960 Best= 4840
250001 Fitness= 7900 Best= 4840
260001 Fitness= 13850 Best= 4830
270001 Fitness= 13800 Best= 4830
280001 Fitness= 9870 Best= 4830
290001 Fitness= 8880 Best= 4820
300001 Fitness= 7820 Best= 4760
310001 Fitness= 12800 Best= 4760
320001 Fitness= 15760 Best= 3760
330001 Fitness= 11740 Best= 3760
340001 Fitness= 6770 Best= 3740
350001 Fitness= 13860 Best= 3740
360001 Fitness= 9890 Best= 3740
370001 Fitness= 7840 Best= 3740
380001 Fitness= 8890 Best= 3740
390001 Fitness= 8760 Best= 3740
400001 Fitness= 12810 Best= 3740
410001 Fitness= 14830 Best= 3740
420001 Fitness= 11840 Best= 3700
430001 Fitness= 7760 Best= 3680
440001 Fitness= 11780 Best= 3670
450001 Fitness= 11770 Best= 3650
460001 Fitness= 4680 Best= 3650
470001 Fitness= 11710 Best= 3650
480001 Fitness= 12730 Best= 3650
490001 Fitness= 15770 Best= 3650
500000 Fitness= 11760 Best= 3650


=== RESULTS (last random solution) ===

Over-allocated projects (violations) :
PRJ_ID	N_ALLOC	MAX
9246	4	2
STUDENT	CHOICE	PRJ_ID	N_ALLOC	MAX
1	1	9426	5	5
2	1	9911	1	1
3	1	10767	1	1
4	1	9166	2	2
5	1	9996	1	1
6	2	10013	1	1
7	1	10587	1	1
8	3	9688	1	1
9	2	9205	1	1
10	1	10088	1	4
11	2	9612	1	1
12	2	10147	1	2
13	1	10607	1	1
14	4	9265	4	4
15	1	10253	1	1
16	1	9246	4	2
17	1	10022	2	2
18	1	10327	2	4
19	4	9007	3	3
20	4	9248	1	1
21	1	10667	1	1
22	1	9528	1	1
23	1	9007	3	3
24	3	9689	1	1
25	3	10472	4	4
26	5	9265	4	4
27	2	9426	5	5
28	1	10016	1	1
29	1	10347	7	7
30	4	10248	1	1
31	1	9993	1	1
32	3	9489	1	2
33	1	10001	3	3
34	2	9982	2	2
35	1	9209	1	1
36	2	9225	2	2
37	5	9968	1	1
38	5	10001	3	3
39	1	10022	2	2
40	1	9246	4	2
41	2	10030	2	2
42	2	10107	2	4
43	1	10807	1	1
44	1	9667	2	2
45	4	10470	1	2
46	4	10527	1	1
47	2	9225	2	2
48	5	10427	1	2
49	2	9208	1	1
50	1	9265	4	4
51	3	10687	2	2
52	3	10271	1	4
53	2	9105	1	1
54	1	9624	2	2
55	1	9426	5	5
56	1	10127	3	4
57	1	10259	1	2
58	1	10268	1	2
59	1	10249	1	1
60	1	9992	1	1
61	2	9249	1	1
62	2	10327	2	4
63	1	10347	7	7
64	1	10347	7	7
65	3	9728	1	2
66	1	10687	2	2
67	4	10472	4	4
68	4	10472	4	4
69	1	9827	1	1
70	5	9405	1	1
71	4	10064	2	2
72	1	10030	2	2
73	1	9999	4	4
74	1	10347	7	7
75	1	10046	2	4
76	1	9465	1	1
77	5	10012	1	1
78	4	10472	4	4
79	5	10001	3	3
80	1	10010	1	1
81	1	9999	4	4
82	3	8985	1	1
83	1	9887	3	3
84	1	9887	3	3
85	3	10127	3	4
86	1	9245	2	2
87	2	10042	1	1
88	1	10347	7	7
89	2	10025	1	1
90	2	10039	2	2
91	1	9982	2	2
92	3	9787	1	2
93	3	10032	1	1
94	1	10367	1	1
95	2	10039	2	2
96	4	10046	2	4
97	1	9246	4	2
98	2	9887	3	3
99	2	9347	1	3
100	1	10062	1	1
101	1	9984	1	1
102	1	9226	1	2
103	1	10508	2	2
104	1	9667	2	2
105	1	10347	7	7
106	2	10000	1	1
107	1	9627	1	1
108	1	10747	1	1
109	5	9505	1	1
110	1	10007	1	1
111	1	10170	1	1
112	5	9025	1	1
113	1	10707	1	1
114	3	10002	1	1
115	2	9426	5	5
116	5	9265	4	4
117	2	9007	3	3
118	1	10128	1	1
119	2	10567	1	1
120	2	9619	1	1
121	2	9616	1	1
122	2	9206	1	1
123	2	9999	4	4
124	3	9623	1	1
125	3	9446	1	1
126	1	9912	1	1
127	1	10026	1	2
128	1	9246	4	2
129	4	10547	1	1
130	3	9207	1	1
131	1	10045	1	2
132	4	10331	1	1
133	2	10648	1	1
134	5	9789	1	1
135	1	10508	2	2
136	1	9624	2	2
137	1	9788	1	1
138	2	9426	5	5
139	4	10064	2	2
140	1	9999	4	4
141	3	9972	1	1
142	2	9245	2	2
143	2	8885	1	1
144	4	9485	1	2
145	3	9166	2	2
146	1	9976	1	1
147	1	10127	3	4
148	1	9613	1	1
149	3	10015	1	1
150	1	10347	7	7
151	2	9389	1	1
152	3	9565	1	1
153	2	9006	1	3
154	1	10787	1	1
155	2	9545	1	1
156	2	10107	2	4
157	3	10187	1	1
Summary details:
#violations= 2
fitness= 3650
75 students got their choice 1 project
36 students got their choice 2 project
20 students got their choice 3 project
15 students got their choice 4 project
11 students got their choice 5 project
10001 Fitness= 13530 Best= 6670
20001 Fitness= 9560 Best= 5560
30001 Fitness= 12590 Best= 5500
40001 Fitness= 13550 Best= 5500
50001 Fitness= 14490 Best= 5500
60001 Fitness= 7510 Best= 5500
70001 Fitness= 15470 Best= 5420
80001 Fitness= 12350 Best= 5320
90001 Fitness= 9300 Best= 4290
100001 Fitness= 13340 Best= 4290
110001 Fitness= 10390 Best= 4290
120001 Fitness= 10400 Best= 4290
130001 Fitness= 10370 Best= 4290
140001 Fitness= 7290 Best= 4280
150001 Fitness= 14380 Best= 4280
160001 Fitness= 13360 Best= 4280
170001 Fitness= 10310 Best= 4250
180001 Fitness= 12270 Best= 4250
190001 Fitness= 11320 Best= 4250
200001 Fitness= 7310 Best= 4250
210001 Fitness= 13310 Best= 4250
220001 Fitness= 10310 Best= 3250
230001 Fitness= 6320 Best= 3230
240001 Fitness= 14330 Best= 3230
250001 Fitness= 7260 Best= 3230
260001 Fitness= 11270 Best= 3230
270001 Fitness= 11260 Best= 3230
280001 Fitness= 12270 Best= 3230
290001 Fitness= 8310 Best= 3230
300001 Fitness= 10250 Best= 3230
310001 Fitness= 13280 Best= 3230
320001 Fitness= 11200 Best= 3220
330001 Fitness= 9220 Best= 3220
340001 Fitness= 12220 Best= 3200
350001 Fitness= 10210 Best= 3130
360001 Fitness= 12150 Best= 3130
370001 Fitness= 12170 Best= 3130
380001 Fitness= 6110 Best= 3110
390001 Fitness= 15150 Best= 3100
400001 Fitness= 9090 Best= 3090
410001 Fitness= 12140 Best= 3090
420001 Fitness= 11130 Best= 3030
430001 Fitness= 9070 Best= 2050
440001 Fitness= 13040 Best= 2050
450001 Fitness= 11070 Best= 2050
460001 Fitness= 15020 Best= 2050
470001 Fitness= 8030 Best= 2020
480001 Fitness= 7120 Best= 2020
490001 Fitness= 9230 Best= 2020
500000 Fitness= 8090 Best= 2020


=== RESULTS (last random solution) ===

Over-allocated projects (violations) :
PRJ_ID	N_ALLOC	MAX
STUDENT	CHOICE	PRJ_ID	N_ALLOC	MAX
1	2	10471	1	1
2	3	9688	1	1
3	1	10767	1	1
4	1	9166	2	2
5	4	9406	1	1
6	1	10000	1	1
7	1	10587	1	1
8	2	9911	1	1
9	1	10607	1	1
10	1	10088	1	4
11	1	10044	1	1
12	1	9996	1	1
13	5	9991	1	1
14	5	9787	2	2
15	1	10253	1	1
16	5	9968	1	1
17	2	10030	2	2
18	1	10327	1	4
19	2	10012	1	1
20	3	9105	1	1
21	1	10667	1	1
22	2	8826	1	1
23	1	9007	2	3
24	1	9667	2	2
25	3	10472	3	4
26	3	9999	4	4
27	1	10271	2	4
28	1	10016	1	1
29	1	10347	7	7
30	3	9225	1	2
31	2	9992	1	1
32	3	9489	1	2
33	4	10271	2	4
34	2	9982	2	2
35	1	9209	1	1
36	1	9972	1	1
37	1	9912	1	1
38	4	9265	4	4
39	4	10048	1	1
40	1	9246	2	2
41	2	10030	2	2
42	2	10107	3	4
43	1	10807	1	1
44	4	9405	1	1
45	5	9265	4	4
46	3	9206	1	1
47	1	9226	2	2
48	4	10023	2	2
49	4	9728	2	2
50	2	9887	3	3
51	1	9208	1	1
52	2	10023	2	2
53	5	10027	1	1
54	1	9624	2	2
55	1	9426	3	5
56	2	9993	1	1
57	1	10259	1	2
58	1	10268	1	2
59	2	9249	1	1
60	4	9205	1	1
61	1	9627	1	1
62	1	10032	1	1
63	1	10347	7	7
64	1	10347	7	7
65	3	9728	2	2
66	4	9389	1	1
67	1	9426	3	5
68	4	10472	3	4
69	1	9827	1	1
70	1	9624	2	2
71	4	10064	2	2
72	5	10472	3	4
73	1	9999	4	4
74	1	10347	7	7
75	1	10046	3	4
76	1	9465	1	1
77	1	10046	3	4
78	1	9887	3	3
79	5	10001	1	3
80	3	10127	4	4
81	1	9999	4	4
82	3	8985	1	1
83	2	10332	1	1
84	1	9887	3	3
85	2	10039	1	2
86	5	10527	1	1
87	2	10042	1	1
88	1	10347	7	7
89	4	10127	4	4
90	1	10127	4	4
91	1	9982	2	2
92	2	9689	1	1
93	4	10249	1	1
94	1	10367	1	1
95	4	9620	1	1
96	4	10046	3	4
97	1	9246	2	2
98	1	8825	1	1
99	2	9347	1	3
100	1	10062	1	1
101	1	9984	1	1
102	1	9226	2	2
103	2	10507	1	1
104	4	9265	4	4
105	1	10347	7	7
106	4	9346	1	1
107	3	10261	1	1
108	1	10747	1	1
109	5	9505	1	1
110	1	10007	1	1
111	5	9608	1	1
112	5	9025	1	1
113	1	10707	1	1
114	2	10013	1	1
115	3	9989	1	1
116	5	9265	4	4
117	1	9006	1	3
118	4	10427	1	2
119	2	10567	1	1
120	5	9613	1	1
121	3	10009	1	1
122	3	9007	2	3
123	2	9999	4	4
124	1	9927	1	1
125	3	9446	1	1
126	2	8885	1	1
127	1	10026	1	2
128	2	9245	2	2
129	4	10547	1	1
130	3	9207	1	1
131	1	10045	1	2
132	4	10331	1	1
133	2	10648	1	1
134	4	10107	3	4
135	1	10508	2	2
136	5	9667	2	2
137	1	9788	1	1
138	3	10729	1	1
139	4	10064	2	2
140	2	9787	2	2
141	1	9426	3	5
142	2	9245	2	2
143	3	10056	1	1
144	4	9485	1	2
145	3	9166	2	2
146	1	9976	1	1
147	1	10127	4	4
148	3	8646	1	1
149	3	10015	1	1
150	1	10347	7	7
151	3	9545	1	1
152	3	9565	1	1
153	4	10508	2	2
154	1	10787	1	1
155	1	10687	1	2
156	2	10107	3	4
157	1	10248	1	1
Summary details:
#violations= 0
fitness= 2020
68 students got their choice 1 project
28 students got their choice 2 project
23 students got their choice 3 project
24 students got their choice 4 project
14 students got their choice 5 project
10001 Fitness= 16600 Best= 12550
20001 Fitness= 12540 Best= 10550
30001 Fitness= 18490 Best= 9540
40001 Fitness= 18530 Best= 9490
50001 Fitness= 14500 Best= 8410
60001 Fitness= 14370 Best= 8370
70001 Fitness= 12360 Best= 8320
80001 Fitness= 16380 Best= 8320
90001 Fitness= 16320 Best= 8220
100001 Fitness= 14260 Best= 8220
110001 Fitness= 12280 Best= 7230
120001 Fitness= 16270 Best= 6220
130001 Fitness= 12290 Best= 6220
140001 Fitness= 18340 Best= 6220
150001 Fitness= 9260 Best= 5160
160001 Fitness= 8120 Best= 5100
170001 Fitness= 11260 Best= 5070
180001 Fitness= 11110 Best= 5060
190001 Fitness= 10080 Best= 5060
200001 Fitness= 10110 Best= 5060
210001 Fitness= 10120 Best= 5060
220001 Fitness= 9100 Best= 5060
230001 Fitness= 13090 Best= 5060
240001 Fitness= 11020 Best= 5060
250001 Fitness= 15060 Best= 5010
260001 Fitness= 11050 Best= 5010
270001 Fitness= 13020 Best= 5010
280001 Fitness= 13040 Best= 5010
290001 Fitness= 13020 Best= 5010
300001 Fitness= 13010 Best= 5010
310001 Fitness= 14030 Best= 5010
320001 Fitness= 15050 Best= 5010
330001 Fitness= 12140 Best= 5010
340001 Fitness= 11100 Best= 5010
350001 Fitness= 16030 Best= 5010
360001 Fitness= 13250 Best= 5010
370001 Fitness= 12040 Best= 5010
380001 Fitness= 9180 Best= 5010
390001 Fitness= 7130 Best= 5010
400001 Fitness= 11170 Best= 5010
410001 Fitness= 9110 Best= 5010
420001 Fitness= 7180 Best= 5010
430001 Fitness= 12120 Best= 5010
440001 Fitness= 10020 Best= 4020
450001 Fitness= 12050 Best= 4020
460001 Fitness= 13070 Best= 4020
470001 Fitness= 11040 Best= 4020
480001 Fitness= 11080 Best= 4020
490001 Fitness= 10970 Best= 4010
500000 Fitness= 6020 Best= 4010


=== RESULTS (last random solution) ===

Over-allocated projects (violations) :
PRJ_ID	N_ALLOC	MAX
9976	2	1
10567	2	1
STUDENT	CHOICE	PRJ_ID	N_ALLOC	MAX
1	5	9306	1	1
2	1	9911	1	1
3	1	10767	1	1
4	1	9166	1	2
5	2	10327	3	4
6	1	10000	1	1
7	1	10587	1	1
8	3	9688	1	1
9	4	9446	1	1
10	2	9347	1	3
11	3	10207	1	1
12	3	10058	1	2
13	5	9991	1	1
14	4	9265	4	4
15	1	10253	1	1
16	5	9968	1	1
17	1	10022	2	2
18	1	10327	3	4
19	2	10012	1	1
20	3	9105	1	1
21	1	10667	1	1
22	1	9528	1	1
23	1	9007	2	3
24	4	9405	1	1
25	1	9426	5	5
26	3	9999	4	4
27	1	10271	1	4
28	2	10017	1	1
29	1	10347	7	7
30	3	9225	2	2
31	3	10427	1	2
32	5	9993	1	1
33	1	10001	3	3
34	2	9982	2	2
35	1	9209	1	1
36	1	9972	1	1
37	4	10567	2	1
38	4	9265	4	4
39	1	10022	2	2
40	5	10015	1	1
41	5	9787	2	2
42	1	9426	5	5
43	1	10807	1	1
44	1	9667	2	2
45	4	10470	2	2
46	3	9206	1	1
47	2	9225	2	2
48	4	10023	2	2
49	4	9728	1	2
50	2	9887	2	3
51	2	9545	1	1
52	2	10023	2	2
53	1	9006	3	3
54	3	9982	2	2
55	2	10472	3	4
56	1	10127	4	4
57	1	10259	1	2
58	5	9205	1	1
59	3	10011	1	1
60	1	9992	1	1
61	2	9249	1	1
62	1	10032	1	1
63	1	10347	7	7
64	1	10347	7	7
65	1	9565	1	1
66	1	10687	2	2
67	4	10472	3	4
68	3	9265	4	4
69	5	9624	2	2
70	2	9667	2	2
71	4	10064	2	2
72	3	9426	5	5
73	1	9999	4	4
74	1	10347	7	7
75	1	10046	3	4
76	3	10055	1	2
77	1	10046	3	4
78	4	10472	3	4
79	5	10001	3	3
80	5	9983	1	1
81	1	9999	4	4
82	3	8985	1	1
83	2	10332	1	1
84	3	10030	2	2
85	3	10127	4	4
86	1	9245	2	2
87	2	10042	1	1
88	1	10347	7	7
89	2	10025	1	1
90	1	10127	4	4
91	3	9976	2	1
92	3	9787	2	2
93	2	9627	1	1
94	1	10367	1	1
95	2	10039	2	2
96	4	10046	3	4
97	2	9245	2	2
98	1	8825	1	1
99	1	10627	1	1
100	2	10327	3	4
101	1	9984	1	1
102	1	9226	1	2
103	1	10508	2	2
104	3	9989	1	1
105	1	10347	7	7
106	4	9346	1	1
107	2	10002	1	1
108	1	10747	1	1
109	1	10527	1	1
110	1	10007	1	1
111	1	10170	1	1
112	5	9025	1	1
113	2	10127	4	4
114	2	10013	1	1
115	2	9426	5	5
116	5	9265	4	4
117	1	9006	3	3
118	2	10107	1	4
119	2	10567	2	1
120	2	9619	1	1
121	1	10001	3	3
122	3	9007	2	3
123	2	9999	4	4
124	1	9927	1	1
125	5	10030	2	2
126	2	8885	1	1
127	5	9611	1	1
128	1	9246	2	2
129	1	9912	1	1
130	3	9207	1	1
131	3	8865	1	1
132	1	9208	1	1
133	1	10249	1	1
134	5	9789	1	1
135	1	10508	2	2
136	1	9624	2	2
137	1	9788	1	1
138	5	10268	1	2
139	4	10064	2	2
140	5	10039	2	2
141	1	9426	5	5
142	3	9827	1	1
143	4	9525	1	1
144	4	9485	1	2
145	1	10048	1	1
146	1	9976	2	1
147	4	10470	2	2
148	3	8646	1	1
149	2	9689	1	1
150	1	10347	7	7
151	1	9465	1	1
152	1	9246	2	2
153	2	9006	3	3
154	1	10787	1	1
155	1	10687	2	2
156	4	9613	1	1
157	2	9887	2	3
Summary details:
#violations= 2
fitness= 4010
67 students got their choice 1 project
31 students got their choice 2 project
24 students got their choice 3 project
18 students got their choice 4 project
17 students got their choice 5 project
10001 Fitness= 18420 Best= 10430
20001 Fitness= 13390 Best= 8340
30001 Fitness= 15410 Best= 7300
40001 Fitness= 16460 Best= 6320
50001 Fitness= 15260 Best= 5310
60001 Fitness= 11310 Best= 5310
70001 Fitness= 8340 Best= 5310
80001 Fitness= 9410 Best= 5310
90001 Fitness= 15300 Best= 5310
100001 Fitness= 11290 Best= 5310
110001 Fitness= 12360 Best= 5310
120001 Fitness= 14440 Best= 5310
130001 Fitness= 15400 Best= 5310
140001 Fitness= 12420 Best= 5310
150001 Fitness= 13420 Best= 5310
160001 Fitness= 15420 Best= 4380
170001 Fitness= 10480 Best= 4380
180001 Fitness= 9460 Best= 4380
190001 Fitness= 12290 Best= 4380
200001 Fitness= 9330 Best= 4290
210001 Fitness= 10340 Best= 4290
220001 Fitness= 10250 Best= 4290
230001 Fitness= 10330 Best= 4290
240001 Fitness= 13400 Best= 4280
250001 Fitness= 9260 Best= 4280
260001 Fitness= 13140 Best= 4280
270001 Fitness= 12160 Best= 4090
280001 Fitness= 12170 Best= 4040
290001 Fitness= 12130 Best= 4040
300001 Fitness= 13160 Best= 4040
310001 Fitness= 12110 Best= 4040
320001 Fitness= 13060 Best= 4040
330001 Fitness= 11200 Best= 3150
340001 Fitness= 16130 Best= 3130
350001 Fitness= 11180 Best= 3130
360001 Fitness= 9180 Best= 3130
370001 Fitness= 9090 Best= 3130
380001 Fitness= 12050 Best= 3130
390001 Fitness= 13100 Best= 3130
400001 Fitness= 14140 Best= 3130
410001 Fitness= 14130 Best= 3130
420001 Fitness= 14160 Best= 3130
430001 Fitness= 12210 Best= 3130
440001 Fitness= 11240 Best= 3130
450001 Fitness= 12220 Best= 3130
460001 Fitness= 11200 Best= 3130
470001 Fitness= 15150 Best= 3130
480001 Fitness= 10150 Best= 3130
490001 Fitness= 7110 Best= 3130
500000 Fitness= 14150 Best= 3130


=== RESULTS (last random solution) ===

Over-allocated projects (violations) :
PRJ_ID	N_ALLOC	MAX
9624	3	2
STUDENT	CHOICE	PRJ_ID	N_ALLOC	MAX
1	2	10471	1	1
2	4	9105	1	1
3	1	10767	1	1
4	1	9166	1	2
5	2	10327	3	4
6	1	10000	1	1
7	1	10587	1	1
8	4	10508	2	2
9	2	9205	1	1
10	1	10088	1	4
11	1	10044	1	1
12	2	10147	1	2
13	1	10607	1	1
14	4	9265	4	4
15	2	10647	1	1
16	1	9246	2	2
17	1	10022	2	2
18	1	10327	3	4
19	2	10012	1	1
20	4	9248	1	1
21	1	10667	1	1
22	1	9528	1	1
23	1	9007	3	3
24	2	9999	4	4
25	1	9426	3	5
26	3	9999	4	4
27	1	10271	2	4
28	2	10017	1	1
29	1	10347	7	7
30	3	9225	1	2
31	1	9993	1	1
32	1	9992	1	1
33	5	9407	1	1
34	2	9982	2	2
35	1	9209	1	1
36	1	9972	1	1
37	1	9912	1	1
38	5	10001	3	3
39	4	10048	1	1
40	4	9265	4	4
41	3	10022	2	2
42	2	10107	2	4
43	1	10807	1	1
44	3	9689	1	1
45	4	10470	2	2
46	1	9667	2	2
47	3	9005	1	1
48	3	9991	1	1
49	4	9728	2	2
50	2	9887	3	3
51	1	9208	1	1
52	3	10271	2	4
53	5	10027	1	1
54	1	9624	3	2
55	2	10472	4	4
56	1	10127	2	4
57	4	9007	3	3
58	1	10268	1	2
59	1	10249	1	1
60	3	9989	1	1
61	2	9249	1	1
62	2	10327	3	4
63	1	10347	7	7
64	1	10347	7	7
65	3	9728	2	2
66	1	10687	1	2
67	3	9265	4	4
68	4	10472	4	4
69	5	9624	3	2
70	1	9624	3	2
71	4	10064	2	2
72	5	10472	4	4
73	1	9999	4	4
74	1	10347	7	7
75	1	10046	2	4
76	2	9947	1	1
77	3	9688	1	1
78	1	9887	3	3
79	5	10001	3	3
80	2	10009	1	1
81	1	9999	4	4
82	3	8985	1	1
83	1	9887	3	3
84	2	10332	1	1
85	3	10127	2	4
86	4	9968	1	1
87	1	10013	1	1
88	1	10347	7	7
89	3	10547	1	1
90	2	10039	2	2
91	1	9982	2	2
92	1	9667	2	2
93	2	9627	1	1
94	1	10367	1	1
95	2	10039	2	2
96	4	10046	2	4
97	1	9246	2	2
98	4	10472	4	4
99	1	10627	1	1
100	1	10062	1	1
101	1	9984	1	1
102	1	9226	1	2
103	3	9426	3	5
104	5	9787	2	2
105	1	10347	7	7
106	4	9346	1	1
107	4	10010	1	1
108	1	10747	1	1
109	4	10025	1	1
110	1	10007	1	1
111	1	10170	1	1
112	1	9306	1	1
113	1	10707	1	1
114	3	10002	1	1
115	5	9967	1	1
116	5	9265	4	4
117	1	9006	1	3
118	3	9207	1	1
119	2	10567	1	1
120	1	9545	1	1
121	1	10001	3	3
122	3	9007	3	3
123	4	9245	2	2
124	3	9623	1	1
125	5	10030	1	2
126	2	8885	1	1
127	1	10026	1	2
128	3	9827	1	1
129	5	8825	1	1
130	5	9986	1	1
131	4	10052	1	2
132	3	9206	1	1
133	2	10648	1	1
134	1	10508	2	2
135	5	10527	1	1
136	3	9245	2	2
137	1	9788	1	1
138	2	9426	3	5
139	4	10064	2	2
140	2	9787	2	2
141	4	9647	1	1
142	5	9405	1	1
143	4	9525	1	1
144	4	9485	1	2
145	4	9168	1	1
146	1	9976	1	1
147	4	10470	2	2
148	3	8646	1	1
149	3	10015	1	1
150	1	10347	7	7
151	1	9465	1	1
152	3	9565	1	1
153	5	10507	1	1
154	1	10787	1	1
155	3	9616	1	1
156	2	10107	2	4
157	1	10248	1	1
Summary details:
#violations= 1
fitness= 3130
65 students got their choice 1 project
26 students got their choice 2 project
26 students got their choice 3 project
25 students got their choice 4 project
15 students got their choice 5 project
