1 43050
10001 30660
20001 30660
30001 30660
40001 30660
50001 30120
60001 30120
70001 30120
80001 30120
90001 30120
100000 30120
1 40870
10001 28730
20001 28730
30001 28730
40001 28730
50001 28730
60001 28730
70001 28730
80001 28730
90001 28730
100000 28730
1 47980
10001 33660
20001 32100
30001 30860
40001 30830
50001 30830
60001 30720
70001 30720
80001 30720
90001 30720
100000 30720
1 47850
10001 31870
20001 31870
30001 31870
40001 31790
50001 31790
60001 30890
70001 30890
80001 30890
90001 30890
100000 30890
1 42980
10001 33020
20001 31970
30001 30830
40001 29790
50001 29790
60001 29790
70001 29790
80001 29790
90001 29790
100000 29790
1 48710
10001 33060
20001 32800
30001 29140
40001 29140
50001 29140
60001 29140
70001 29140
80001 29140
90001 29140
100000 29140
1 48840
10001 32770
20001 31790
30001 28920
40001 28920
50001 28920
60001 28920
70001 28920
80001 28920
90001 28920
100000 28920
1 52120
10001 32440
20001 32440
30001 31960
40001 31960
50001 31630
60001 31630
70001 31630
80001 29930
90001 29930
100000 29930
1 38570
10001 32720
20001 32720
30001 32720
40001 32720
50001 32720
60001 30890
70001 30890
80001 30800
90001 30800
100000 30690
1 47870
10001 28880
20001 28880
30001 28880
40001 28880
50001 28880
60001 28880
70001 28880
80001 28880
90001 28880
100000 28880
