1 42870
10001 43770
20001 44960
30001 56770
40001 53040
50001 46740
60001 54900
70001 46990
80001 54800
90001 50720
100000 50100
1 48860
10001 51400
20001 43080
30001 50090
40001 50740
50001 52020
60001 43200
70001 49080
80001 44900
90001 43980
100000 49750
1 49900
10001 37870
20001 51890
30001 49600
40001 47700
50001 47780
60001 53260
70001 46560
80001 44970
90001 49970
100000 51800
1 41780
10001 52010
20001 49640
30001 47180
40001 45030
50001 51060
60001 56840
70001 46070
80001 45900
90001 45160
100000 50200
1 50900
10001 45780
20001 39980
30001 45740
40001 47830
50001 55900
60001 45850
70001 53800
80001 42740
90001 64720
100000 48760
1 49970
10001 50890
20001 48710
30001 52800
40001 49110
50001 47010
60001 50800
70001 47920
80001 50010
90001 45010
100000 46850
1 49970
10001 50890
20001 48710
30001 52800
40001 49110
50001 47010
60001 50800
70001 47920
80001 50010
90001 45010
100000 46850
1 52790
10001 51970
20001 48900
30001 52970
40001 43190
50001 47030
60001 41930
70001 49000
80001 40980
90001 43360
100000 37780
1 46790
10001 50850
20001 43700
30001 45690
40001 50790
50001 45000
60001 49140
70001 51560
80001 43570
90001 41440
100000 54800
1 50980
10001 48830
20001 48840
30001 49760
40001 45140
50001 37130
60001 48010
70001 46620
80001 45960
90001 54720
100000 43990
